,,q=0.05,q=0.25,q=0.50,q=0.75,q=0.95
h=8,,NA,NA,NA,NA,NA
y_it,IQR,[0.07;0.44],[0.13;0.36],[0.17;0.42],[0.19;0.43],[0.05;0.43]
,Sig.,0.41,0.61,0.75,0.8,0.34
nfciUS_t,IQR,[-0.38;0.06],[-0.18;0.03],[-0.06;0.09],[-0.01;0.16],[-0.12;0.16]
,Sig.,0.36,0.27,0.23,0.18,0.2
macroUS_t,IQR,[-0.13;0.14],[-0.06;0.09],[-0.04;0.06],[-0.07;0.07],[-0.1;0.21]
,Sig.,0.18,0.09,0.07,0.05,0.18
crossG_t,IQR,[-0.13;0.24],[-0.1;0.1],[-0.12;0.03],[-0.19;-0.03],[-0.44;-0.03]
,Sig.,0.39,0.11,0.14,0.25,0.41
macroG_t,IQR,[-0.07;0.21],[-0.09;0.08],[-0.08;0.06],[-0.1;0.06],[-0.15;0.15]
,Sig.,0.23,0.14,0.14,0.11,0.14
h=12,,NA,NA,NA,NA,NA
y_it,IQR,[0.01;0.4],[0.07;0.28],[0.1;0.29],[0.11;0.37],[0.05;0.34]
,Sig.,0.32,0.39,0.5,0.57,0.34
nfciUS_t,IQR,[-0.46;0.1],[-0.18;0.06],[-0.06;0.07],[-0.03;0.17],[-0.13;0.22]
,Sig.,0.43,0.2,0.14,0.2,0.23
macroUS_t,IQR,[-0.02;0.19],[-0.04;0.09],[-0.04;0.06],[-0.07;0.07],[-0.18;0.15]
,Sig.,0.11,0.09,0,0.02,0.16
crossG_t,IQR,[-0.07;0.18],[-0.06;0.11],[-0.08;0.03],[-0.19;-0.04],[-0.44;-0.02]
,Sig.,0.25,0.2,0.14,0.27,0.32
macroG_t,IQR,[-0.09;0.13],[-0.11;0.1],[-0.06;0.06],[-0.11;0.04],[-0.15;0.13]
,Sig.,0.11,0.2,0.23,0.11,0.16
M1,dTL,4.15,1.38,0.84,0.94,1.97
M2,dTL,4.32,1.19,0.87,1.21,2.84
