,,q=0.05,q=0.25,q=0.50,q=0.75,q=0.95
h=8,,NA,NA,NA,NA,NA
y_it,IQR,[-0.15;0.12],[-0.12;0.03],[-0.11;0.03],[-0.13;0.04],[-0.15;0.1]
,Sig.,0.14,0.14,0.19,0.08,0.11
nfciUS_t,IQR,[-0.48;0.12],[-0.21;0],[-0.09;0.07],[0;0.18],[-0.01;0.19]
,Sig.,0.39,0.28,0.08,0.11,0.17
macroUS_t,IQR,[-0.31;-0.02],[-0.06;0.09],[-0.01;0.09],[-0.04;0.11],[-0.04;0.36]
,Sig.,0.25,0.06,0,0.08,0.25
crossG_t,IQR,[0.09;0.37],[-0.05;0.12],[-0.1;0.06],[-0.16;0],[-0.4;-0.04]
,Sig.,0.31,0.17,0.08,0.11,0.36
macroG_t,IQR,[0.02;0.29],[-0.06;0.08],[-0.05;0.03],[-0.09;0.05],[-0.17;0.02]
,Sig.,0.28,0.08,0.08,0.08,0.11
h=12,,NA,NA,NA,NA,NA
y_it,IQR,[-0.05;0.18],[-0.08;0.09],[-0.06;0.09],[-0.07;0.11],[-0.16;0.15]
,Sig.,0.08,0.17,0.14,0.17,0.17
nfciUS_t,IQR,[-0.38;0.13],[-0.15;0.03],[-0.05;0.07],[-0.01;0.17],[-0.05;0.21]
,Sig.,0.36,0.28,0.14,0.22,0.19
macroUS_t,IQR,[-0.25;0.11],[-0.12;0.04],[-0.05;0.07],[-0.05;0.14],[-0.03;0.24]
,Sig.,0.14,0.03,0.08,0.14,0.17
crossG_t,IQR,[0.06;0.43],[-0.04;0.12],[-0.09;0.07],[-0.21;0.02],[-0.36;-0.11]
,Sig.,0.25,0.14,0.17,0.36,0.22
macroG_t,IQR,[-0.05;0.17],[-0.06;0.07],[-0.06;0.01],[-0.1;0.01],[-0.23;0]
,Sig.,0.14,0.08,0.11,0.17,0.28
M1,dTL,3.35,1.46,0.62,0.88,1.89
M2,dTL,2.97,1.33,0.63,1.16,2.19
