,,q=0.05,q=0.25,q=0.50,q=0.75,q=0.95
h=8,,NA,NA,NA,NA,NA
y_it,IQR,[-0.13;0.17],[-0.1;0.1],[-0.09;0.14],[-0.07;0.14],[-0.07;0.27]
,Sig.,0.2,0.08,0.28,0.28,0.2
nfciUS_t,IQR,[-0.11;0.21],[-0.09;0.04],[-0.08;0.12],[-0.02;0.21],[0.14;0.54]
,Sig.,0.24,0.08,0.12,0.16,0.44
macroUS_t,IQR,[-0.2;0.12],[-0.03;0.05],[-0.07;0.03],[-0.11;0.01],[-0.3;-0.06]
,Sig.,0.12,0.16,0.04,0,0.2
crossG_t,IQR,[0.03;0.38],[-0.04;0.11],[-0.13;0.04],[-0.14;0.02],[-0.21;0.04]
,Sig.,0.12,0,0.12,0.16,0.12
macroG_t,IQR,[-0.13;0.08],[-0.08;-0.01],[-0.08;0.02],[-0.13;0.01],[-0.17;0.04]
,Sig.,0,0.08,0.04,0.08,0.12
h=12,,NA,NA,NA,NA,NA
y_it,IQR,[-0.07;0.3],[0;0.1],[-0.04;0.11],[-0.08;0.07],[-0.23;0.15]
,Sig.,0.12,0.16,0.08,0.16,0.24
nfciUS_t,IQR,[-0.1;0.36],[-0.11;0.06],[-0.05;0.08],[-0.02;0.15],[-0.01;0.44]
,Sig.,0.24,0.08,0.16,0.12,0.32
macroUS_t,IQR,[-0.18;0.12],[-0.01;0.17],[-0.01;0.08],[0.01;0.16],[-0.13;0.25]
,Sig.,0.08,0.12,0.08,0.04,0.16
crossG_t,IQR,[-0.14;0.21],[-0.04;0.09],[-0.06;0.05],[-0.13;0],[-0.28;0]
,Sig.,0.12,0,0.08,0.08,0.16
macroG_t,IQR,[-0.24;0.06],[-0.21;0.01],[-0.17;-0.01],[-0.15;0],[-0.23;-0.04]
,Sig.,0.16,0.28,0.12,0.12,0.28
M1,dTL,1.28,0.42,0.64,1.34,3.66
M2,dTL,1.13,0.67,0.75,1.12,2.93
