,,q=0.05,q=0.25,q=0.50,q=0.75,q=0.95
h=0,,NA,NA,NA,NA,NA
nfciUS_t,IQR,[-0.29;0.16],[-0.1;0.07],[-0.05;0.17],[0;0.23],[-0.09;0.36]
,Sig.,0.23,0.11,0.23,0.34,0.2
macroUS_t,IQR,[-0.18;0.16],[-0.09;0.07],[-0.06;0.03],[-0.1;0.03],[-0.21;0.12]
,Sig.,0.23,0.02,0.02,0.09,0.14
crossG_t,IQR,[-0.59;-0.06],[-0.39;-0.11],[-0.49;-0.15],[-0.6;-0.18],[-0.78;-0.27]
,Sig.,0.48,0.55,0.77,0.77,0.7
macroG_t,IQR,[-0.2;0.13],[-0.13;0.09],[-0.13;0.07],[-0.15;0.04],[-0.19;0.09]
,Sig.,0.25,0.18,0.23,0.3,0.16
h=1,,NA,NA,NA,NA,NA
y_it,IQR,[0.06;0.35],[0.09;0.38],[0.1;0.41],[0.07;0.42],[0.05;0.4]
,Sig.,0.36,0.61,0.73,0.66,0.41
nfciUS_t,IQR,[-0.42;0.13],[-0.19;0.02],[-0.02;0.12],[0.03;0.2],[-0.01;0.36]
,Sig.,0.39,0.23,0.14,0.23,0.23
macroUS_t,IQR,[-0.15;0.2],[-0.08;0.03],[-0.11;0.01],[-0.15;-0.04],[-0.24;0.01]
,Sig.,0.27,0.07,0.07,0.09,0.18
crossG_t,IQR,[-0.15;0.37],[-0.09;0.15],[-0.1;0.11],[-0.18;0.06],[-0.36;0.1]
,Sig.,0.41,0.43,0.36,0.34,0.3
macroG_t,IQR,[-0.18;0.11],[-0.1;0.05],[-0.1;0.03],[-0.11;0.04],[-0.19;0.16]
,Sig.,0.14,0.09,0.14,0.14,0.2
h=4,,NA,NA,NA,NA,NA
y_it,IQR,[0.2;0.55],[0.27;0.52],[0.29;0.53],[0.29;0.53],[0.24;0.43]
,Sig.,0.57,0.82,0.91,0.77,0.59
nfciUS_t,IQR,[-0.44;0.04],[-0.18;0.07],[-0.06;0.06],[0;0.15],[-0.09;0.18]
,Sig.,0.2,0.25,0.14,0.18,0.14
macroUS_t,IQR,[-0.07;0.19],[-0.09;0.05],[-0.07;0.05],[-0.1;0.04],[-0.12;0.17]
,Sig.,0.2,0.14,0.07,0.07,0.16
crossG_t,IQR,[-0.22;0.12],[-0.13;0.03],[-0.17;-0.05],[-0.25;-0.05],[-0.4;-0.08]
,Sig.,0.3,0.2,0.34,0.39,0.43
macroG_t,IQR,[-0.23;0.09],[-0.1;0.02],[-0.08;0.02],[-0.11;0.07],[-0.15;0.21]
,Sig.,0.14,0.07,0.11,0.07,0.23
M1,dTL,2.73,1,1.23,1.99,2.42
M2,dTL,2.9,0.69,0.51,1.27,2.51
M3,dTL,3.07,1.19,0.58,0.97,2.37
