,,q=0.05,q=0.25,q=0.50,q=0.75,q=0.95
h=0,,NA,NA,NA,NA,NA
nfciUS_t,IQR,[-0.29;0.14],[-0.18;0.01],[-0.08;0.05],[0;0.19],[-0.1;0.29]
,Sig.,0.4,0.32,0.08,0.28,0.2
macroUS_t,IQR,[-0.24;0.2],[-0.07;0.07],[-0.05;0.03],[-0.1;0.06],[-0.15;0.07]
,Sig.,0.32,0.24,0.12,0.16,0.08
crossG_t,IQR,[-0.7;-0.6],[-0.71;-0.48],[-0.74;-0.48],[-0.78;-0.5],[-0.87;-0.53]
,Sig.,0.96,0.96,0.96,0.96,0.88
macroG_t,IQR,[-0.35;0],[-0.11;0.05],[-0.05;0.03],[-0.04;0.12],[-0.04;0.18]
,Sig.,0.36,0.12,0.12,0.16,0.24
h=1,,NA,NA,NA,NA,NA
y_it,IQR,[-0.12;0.46],[0.07;0.31],[0.16;0.33],[0.21;0.42],[0.14;0.48]
,Sig.,0.36,0.44,0.56,0.68,0.36
nfciUS_t,IQR,[-0.1;0.27],[-0.1;0.08],[-0.07;0.08],[-0.11;0.16],[-0.24;0.26]
,Sig.,0.16,0.04,0.12,0.08,0.16
macroUS_t,IQR,[-0.18;0.16],[-0.06;0.07],[-0.02;0.1],[-0.04;0.14],[-0.03;0.21]
,Sig.,0.08,0.08,0.08,0.08,0.16
crossG_t,IQR,[-0.31;0.07],[-0.18;0.01],[-0.09;0],[-0.07;0.08],[-0.21;0.02]
,Sig.,0.2,0.16,0.12,0.04,0.2
macroG_t,IQR,[-0.81;-0.27],[-0.26;-0.09],[-0.15;-0.08],[-0.06;0.01],[0.02;0.35]
,Sig.,0.64,0.32,0.2,0.12,0.24
h=4,,NA,NA,NA,NA,NA
y_it,IQR,[-0.19;0.22],[-0.13;0.08],[-0.14;0.07],[-0.11;0.09],[-0.08;0.21]
,Sig.,0.08,0.04,0.08,0.12,0.24
nfciUS_t,IQR,[-0.18;0.24],[-0.12;0.08],[-0.08;0.04],[-0.13;0.02],[0.02;0.41]
,Sig.,0.24,0.04,0.08,0.28,0.32
macroUS_t,IQR,[0.03;0.4],[0.04;0.15],[0;0.16],[0.05;0.15],[-0.05;0.24]
,Sig.,0.12,0.04,0.04,0.2,0.16
crossG_t,IQR,[-0.36;0.09],[-0.09;0.07],[-0.06;0.03],[-0.12;0.06],[-0.34;0.03]
,Sig.,0.28,0.04,0.08,0,0.2
macroG_t,IQR,[-0.32;-0.01],[-0.2;-0.03],[-0.14;-0.01],[-0.11;-0.01],[-0.13;0.13]
,Sig.,0.2,0.08,0,0.04,0.08
M1,dTL,2.83,1.45,0.76,1.67,3.7
M2,dTL,2.11,0.57,0.45,0.69,1.9
M3,dTL,1.84,0.77,0.64,0.96,2.54
