,,q=0.05,q=0.25,q=0.50,q=0.75,q=0.95
h=8,,NA,NA,NA,NA,NA
y_it,IQR,[0.11;0.44],[0.24;0.41],[0.29;0.47],[0.26;0.46],[0.25;0.44]
,,0.43,0.67,0.86,0.86,0.52
nfciUS_t,IQR,[-0.31;0.11],[-0.19;0.06],[-0.11;0.09],[-0.12;0.16],[-0.23;0.22]
,Sig.,0.38,0.29,0.38,0.19,0.24
nfci_it,IQR,[-0.21;0.12],[-0.07;0.19],[-0.11;0.19],[-0.07;0.23],[0;0.35]
,Sig.,0.29,0.33,0.29,0.38,0.33
macroUS_t,IQR,[-0.08;0.15],[-0.06;0.09],[-0.06;0.02],[-0.09;0.06],[-0.2;0.09]
,Sig.,0.14,0.05,0,0.05,0.19
crossG_t,IQR,[-0.25;0.21],[-0.13;0.1],[-0.15;0.02],[-0.26;-0.02],[-0.44;0.02]
,Sig.,0.29,0.24,0.14,0.33,0.48
macroG_t,IQR,[-0.15;0.19],[-0.12;0.06],[-0.16;0.04],[-0.22;0],[-0.18;0.06]
,Sig.,0.19,0.24,0.24,0.29,0.05
h=12,,NA,NA,NA,NA,NA
y_it,IQR,[0.03;0.28],[0.12;0.35],[0.19;0.3],[0.18;0.38],[0.1;0.45]
,,0.29,0.48,0.76,0.67,0.57
nfciUS_t,IQR,[-0.35;0.18],[-0.18;0.02],[-0.14;0.09],[-0.13;0.17],[-0.17;0.17]
,Sig.,0.38,0.19,0.19,0.29,0.24
nfci_it,IQR,[-0.18;0.18],[-0.09;0.18],[-0.11;0.16],[0.06;0.25],[0.12;0.45]
,Sig.,0.29,0.24,0.19,0.29,0.38
macroUS_t,IQR,[-0.16;0.17],[-0.04;0.07],[-0.07;0.07],[-0.05;0.03],[-0.23;0.05]
,Sig.,0.1,0.1,0.05,0,0.1
crossG_t,IQR,[-0.22;0.17],[-0.08;0.06],[-0.16;0.03],[-0.21;0.05],[-0.42;-0.04]
,Sig.,0.29,0.33,0.24,0.33,0.33
macroG_t,IQR,[-0.1;0.14],[-0.11;0.06],[-0.16;0.06],[-0.22;-0.06],[-0.15;-0.01]
,Sig.,0.1,0.24,0.38,0.29,0.1
M1,dTL,3.17,1.62,1.25,1.52,2.76
M2,dTL,3.67,1.36,1.15,1.51,2.12
