,,q=0.05,q=0.25,q=0.50,q=0.75,q=0.95
h=0,,NA,NA,NA,NA,NA
nfciUS_t,IQR,[-0.32;0.08],[-0.06;0.08],[-0.08;0.07],[-0.1;0.12],[-0.11;0.12]
,,0.29,0.29,0.24,0.14,0.24
nfci_it,IQR,[-0.3;-0.07],[-0.13;0.05],[-0.03;0.12],[0.01;0.14],[-0.07;0.28]
,Sig.,0.33,0.14,0.1,0.24,0.38
macroUS_t,IQR,[-0.15;0.3],[-0.1;0.18],[-0.07;0.1],[0;0.11],[-0.05;0.2]
,Sig.,0.24,0.14,0.19,0.14,0.14
crossG_t,IQR,[-0.65;-0.29],[-0.59;-0.35],[-0.6;-0.33],[-0.63;-0.36],[-0.71;-0.32]
,Sig.,0.67,0.95,1,0.95,0.67
macroG_t,IQR,[-0.23;0.18],[-0.08;0.05],[-0.08;0.02],[-0.08;0.02],[-0.15;0.09]
,Sig.,0.24,0.05,0.14,0.19,0.24
h=1,,NA,NA,NA,NA,NA
y_it,IQR,[-0.18;0.23],[-0.12;0.17],[-0.17;0.15],[-0.18;0.05],[-0.37;0.04]
,,0.33,0.29,0.33,0.38,0.43
nfciUS_t,IQR,[-0.15;0.13],[-0.1;0.07],[-0.07;0.05],[-0.08;0.15],[0.03;0.33]
,Sig.,0.1,0.14,0.1,0.24,0.24
nfci_it,IQR,[-0.38;-0.04],[-0.13;0.06],[-0.04;0.08],[0.01;0.18],[-0.04;0.43]
,Sig.,0.38,0.14,0.14,0.38,0.38
macroUS_t,IQR,[-0.33;0.06],[-0.17;0.03],[-0.11;0],[-0.15;0.05],[-0.23;0]
,Sig.,0.29,0.1,0.05,0.05,0.19
crossG_t,IQR,[-0.52;0.01],[-0.41;-0.2],[-0.42;-0.17],[-0.48;-0.23],[-0.65;-0.13]
,Sig.,0.33,0.71,0.67,0.71,0.48
macroG_t,IQR,[-0.11;0.12],[-0.11;0.05],[-0.09;0.02],[-0.08;0.08],[-0.08;0.19]
,Sig.,0.1,0.05,0.05,0.14,0.24
h=4,,NA,NA,NA,NA,NA
y_it,IQR,[-0.2;0.15],[-0.08;0.06],[-0.12;0.01],[-0.18;0.03],[-0.27;0.03]
,,0.33,0.24,0.24,0.29,0.14
nfciUS_t,IQR,[-0.68;-0.09],[-0.21;-0.09],[-0.12;-0.02],[-0.12;0.03],[-0.15;0.08]
,Sig.,0.38,0.33,0.1,0.24,0.14
nfci_it,IQR,[-0.16;0.2],[-0.02;0.15],[-0.03;0.22],[0.01;0.26],[0.1;0.4]
,Sig.,0.19,0.1,0.38,0.62,0.52
macroUS_t,IQR,[-0.03;0.21],[-0.04;0.12],[-0.04;0.11],[-0.05;0.13],[-0.03;0.25]
,Sig.,0.19,0.1,0,0.14,0.14
crossG_t,IQR,[-0.21;0.25],[-0.13;0.12],[-0.19;-0.01],[-0.27;-0.05],[-0.4;-0.15]
,Sig.,0.29,0.14,0.29,0.33,0.38
macroG_t,IQR,[-0.15;0.08],[-0.11;0],[-0.13;0.03],[-0.12;0.06],[-0.17;0.06]
,Sig.,0.19,0.14,0.1,0.24,0.14
M1,dTL,1.96,0.94,0.93,1.2,1.95
M2,dTL,2.15,0.81,0.59,1.05,2.07
M3,dTL,3.1,1.85,0.86,1.18,1.77
