,,q=0.05,q=0.25,q=0.50,q=0.75,q=0.95
h=8,,NA,NA,NA,NA,NA
y_it,IQR,[-0.16;0.05],[-0.17;0.01],[-0.09;0.02],[-0.05;0.05],[-0.18;0.15]
,,0.14,0.19,0.14,0.1,0.19
nfciUS_t,IQR,[-0.37;0.14],[-0.22;0],[-0.16;0.01],[-0.11;0.12],[0.01;0.14]
,Sig.,0.24,0.24,0.19,0.24,0.14
nfci_it,IQR,[-0.02;0.39],[0.06;0.23],[0.06;0.25],[0.07;0.33],[0.06;0.41]
,Sig.,0.29,0.38,0.48,0.57,0.48
macroUS_t,IQR,[-0.26;-0.04],[-0.08;0.06],[-0.05;0.08],[-0.09;0.04],[-0.1;0.14]
,Sig.,0.1,0,0,0.1,0.1
crossG_t,IQR,[0.1;0.32],[-0.09;0.1],[-0.11;0.01],[-0.13;0.02],[-0.34;-0.03]
,Sig.,0.24,0.24,0.1,0.19,0.38
macroG_t,IQR,[-0.06;0.19],[-0.15;0.01],[-0.13;-0.03],[-0.21;-0.05],[-0.3;-0.08]
,Sig.,0.1,0.19,0.24,0.24,0.38
h=12,,NA,NA,NA,NA,NA
y_it,IQR,[-0.03;0.12],[-0.05;0.11],[0;0.07],[-0.02;0.12],[-0.03;0.23]
,,0.1,0.1,0.1,0.24,0.38
nfciUS_t,IQR,[-0.35;0.14],[-0.21;0.06],[-0.09;0.06],[-0.03;0.09],[-0.08;0.22]
,Sig.,0.29,0.14,0.05,0.24,0.19
nfci_it,IQR,[-0.16;0.28],[-0.04;0.19],[0.07;0.19],[0.08;0.23],[0;0.32]
,Sig.,0.24,0.33,0.24,0.38,0.24
macroUS_t,IQR,[-0.25;0.1],[-0.07;0.04],[-0.09;0.05],[-0.11;0.11],[-0.04;0.21]
,Sig.,0.24,0.05,0.14,0.1,0.19
crossG_t,IQR,[-0.03;0.32],[-0.05;0.13],[-0.12;0.06],[-0.18;0.04],[-0.3;0.05]
,Sig.,0.19,0.1,0.19,0.38,0.33
macroG_t,IQR,[-0.02;0.17],[-0.09;0],[-0.14;-0.02],[-0.18;-0.05],[-0.33;0]
,Sig.,0.05,0.1,0.29,0.38,0.38
M1,dTL,3.07,1.62,0.88,1.05,1.95
M2,dTL,2.22,1.36,0.49,1.23,2.24
