,,q=0.05,q=0.25,q=0.50,q=0.75,q=0.95
h=0,,NA,NA,NA,NA,NA
nfciUS_t,IQR,[-0.21;0.19],[-0.16;0.02],[-0.08;0.12],[-0.04;0.13],[-0.2;0.29]
,,0.29,0.29,0.18,0.18,0.29
nfci_it,IQR,[-0.35;-0.1],[-0.19;-0.06],[-0.13;0.01],[-0.04;0.11],[-0.05;0.33]
,Sig.,0.47,0.29,0.12,0.12,0.29
macroUS_t,IQR,[-0.14;0.08],[-0.08;0.15],[-0.05;0.03],[-0.1;0.08],[-0.15;0.1]
,Sig.,0.18,0.24,0.06,0.06,0.06
crossG_t,IQR,[-0.73;-0.63],[-0.74;-0.6],[-0.78;-0.63],[-0.8;-0.65],[-0.87;-0.74]
,Sig.,1,1,1,1,1
macroG_t,IQR,[-0.31;0.09],[-0.08;0.04],[-0.05;0.06],[0.01;0.09],[-0.04;0.25]
,Sig.,0.35,0.12,0.06,0.18,0.29
h=1,,NA,NA,NA,NA,NA
y_it,IQR,[-0.14;0.47],[0.06;0.29],[0.12;0.22],[0.18;0.38],[0.17;0.53]
,,0.41,0.24,0.29,0.53,0.59
nfciUS_t,IQR,[0.03;0.33],[-0.1;0.13],[-0.1;0.07],[-0.15;0.14],[-0.3;0.26]
,Sig.,0.18,0.06,0,0.24,0.35
nfci_it,IQR,[-0.2;0.14],[-0.07;0.09],[-0.04;0.11],[-0.03;0.18],[-0.07;0.41]
,Sig.,0.06,0.12,0.18,0.29,0.47
macroUS_t,IQR,[-0.12;0.15],[-0.06;0.08],[-0.03;0.09],[-0.05;0.15],[-0.21;0.19]
,Sig.,0.12,0,0,0.06,0.12
crossG_t,IQR,[-0.42;-0.05],[-0.26;0.01],[-0.15;-0.03],[-0.05;0.05],[-0.07;0.18]
,Sig.,0.41,0.18,0.12,0,0.18
macroG_t,IQR,[-0.98;-0.4],[-0.31;-0.09],[-0.2;-0.13],[-0.07;0.02],[-0.22;0.24]
,Sig.,0.65,0.35,0.18,0.06,0.29
h=4,,NA,NA,NA,NA,NA
y_it,IQR,[-0.24;0.29],[-0.14;0.07],[-0.12;0.01],[-0.15;0.11],[-0.09;0.18]
,,0.06,0.29,0.12,0.06,0.24
nfciUS_t,IQR,[-0.33;0.21],[-0.19;0.11],[-0.13;0],[-0.18;-0.04],[-0.2;0.16]
,Sig.,0.24,0.12,0,0.29,0.29
nfci_it,IQR,[-0.14;0.3],[0.02;0.18],[0.02;0.21],[0.08;0.25],[-0.13;0.3]
,Sig.,0.24,0.18,0.29,0.29,0.41
macroUS_t,IQR,[0.06;0.3],[0.01;0.13],[0;0.14],[0;0.14],[-0.01;0.33]
,Sig.,0.06,0.12,0.06,0.06,0.12
crossG_t,IQR,[-0.49;0.06],[-0.1;0.05],[-0.06;0.01],[-0.09;0.07],[-0.12;0.1]
,Sig.,0.35,0,0.06,0,0.24
macroG_t,IQR,[-0.37;0.01],[-0.24;-0.11],[-0.17;-0.09],[-0.16;-0.04],[-0.2;0.05]
,Sig.,0.06,0.18,0.12,0.12,0.06
M1,dTL,2.7,1.31,0.7,1.23,3.94
M2,dTL,2.29,0.58,0.32,0.96,2.4
M3,dTL,2.25,0.94,0.55,0.92,1.91
