,,q=0.05,q=0.25,q=0.50,q=0.75,q=0.95
h=0,,NA,NA,NA,NA,NA
nfciUS_t,IQR,[-0.1;0.17],[-0.05;0.12],[-0.05;0.19],[-0.04;0.22],[-0.22;0.13]
,,0.05,0.14,0.33,0.24,0.29
nfci_it,IQR,[-0.28;0.14],[-0.34;0.1],[-0.27;0.12],[-0.19;0.11],[-0.04;0.26]
,Sig.,0.33,0.57,0.52,0.38,0.29
macroUS_t,IQR,[-0.25;0.11],[-0.13;0.09],[-0.1;0.08],[-0.18;0.05],[-0.16;0.12]
,Sig.,0.14,0.14,0.14,0.14,0.14
crossG_t,IQR,[-0.6;-0.11],[-0.63;-0.22],[-0.64;-0.31],[-0.68;-0.3],[-0.81;-0.33]
,Sig.,0.48,0.71,0.95,0.9,0.76
macroG_t,IQR,[-0.16;0.24],[-0.02;0.13],[-0.1;0.17],[-0.12;0.15],[-0.21;0.2]
,Sig.,0.24,0.29,0.29,0.29,0.19
h=1,,NA,NA,NA,NA,NA
y_it,IQR,[-0.03;0.39],[0.13;0.35],[0.17;0.37],[0.12;0.39],[0.07;0.36]
,,0.38,0.81,0.81,0.76,0.38
nfciUS_t,IQR,[-0.2;0.15],[-0.21;0.03],[-0.07;0.1],[-0.06;0.12],[-0.05;0.09]
,Sig.,0.24,0.29,0.1,0.14,0.19
nfci_it,IQR,[-0.46;0.1],[-0.18;0.14],[-0.1;0.09],[-0.08;0.15],[0.11;0.4]
,Sig.,0.33,0.33,0.24,0.14,0.29
macroUS_t,IQR,[-0.26;0.22],[-0.04;0.07],[-0.13;-0.02],[-0.2;-0.02],[-0.33;-0.08]
,Sig.,0.33,0.14,0.14,0.14,0.24
crossG_t,IQR,[-0.18;0.16],[-0.14;0.12],[-0.1;0.07],[-0.15;0.15],[-0.34;0.2]
,Sig.,0.38,0.33,0.33,0.19,0.29
macroG_t,IQR,[-0.14;0.13],[-0.08;0.08],[-0.1;0.06],[-0.17;0.06],[-0.24;0.26]
,Sig.,0.14,0.1,0.1,0.1,0.24
h=4,,NA,NA,NA,NA,NA
y_it,IQR,[0.2;0.57],[0.38;0.51],[0.34;0.52],[0.34;0.56],[0.26;0.49]
,,0.62,0.95,0.95,0.9,0.57
nfciUS_t,IQR,[-0.23;0],[-0.25;0.05],[-0.12;0.04],[-0.1;0.13],[-0.13;0.16]
,Sig.,0.14,0.33,0.14,0.14,0.24
nfci_it,IQR,[-0.22;0.21],[-0.17;0.06],[-0.09;0.05],[-0.02;0.18],[-0.04;0.24]
,Sig.,0.33,0.19,0.19,0.33,0.29
macroUS_t,IQR,[-0.06;0.22],[-0.07;0.08],[-0.07;0.02],[-0.11;0.01],[-0.21;0.25]
,Sig.,0.24,0.05,0.05,0.05,0.29
crossG_t,IQR,[-0.23;0.04],[-0.2;-0.02],[-0.18;-0.08],[-0.28;-0.1],[-0.52;-0.19]
,Sig.,0.19,0.19,0.43,0.48,0.48
macroG_t,IQR,[-0.23;0.09],[-0.11;0.07],[-0.13;0.03],[-0.16;0],[-0.2;0.08]
,Sig.,0.19,0.1,0.14,0.29,0.19
M1,dTL,1.16,1.02,1.27,1.62,2.28
M2,dTL,2.21,0.85,0.53,0.98,1.74
M3,dTL,2.36,1.22,0.65,1.1,2.4
