,,q=0.05,q=0.25,q=0.50,q=0.75,q=0.95
h=8,,NA,NA,NA,NA,NA
y_it,IQR,[-0.18;0.2],[-0.08;0.04],[-0.07;0.08],[-0.11;0.11],[-0.16;0.11]
,,0.12,0.12,0.12,0.06,0.06
nfciUS_t,IQR,[-0.15;0.11],[-0.16;0.04],[-0.09;0.06],[-0.01;0.15],[-0.06;0.41]
,Sig.,0.06,0.12,0.06,0.12,0.35
nfci_it,IQR,[0.1;0.28],[0.05;0.17],[-0.01;0.13],[-0.04;0.14],[-0.03;0.24]
,Sig.,0.12,0.06,0.12,0.18,0.24
macroUS_t,IQR,[-0.21;-0.06],[-0.05;0.03],[-0.09;0.01],[-0.12;-0.03],[-0.25;-0.11]
,Sig.,0.12,0.06,0,0.06,0.06
crossG_t,IQR,[0.11;0.32],[-0.09;0.08],[-0.15;0.05],[-0.1;0.01],[-0.2;0.07]
,Sig.,0,0.06,0.06,0,0
macroG_t,IQR,[-0.16;-0.02],[-0.11;-0.02],[-0.11;-0.05],[-0.19;-0.04],[-0.27;-0.02]
,Sig.,0.06,0.06,0.06,0.24,0.24
h=12,,NA,NA,NA,NA,NA
y_it,IQR,[-0.05;0.23],[-0.1;0.09],[-0.1;0.08],[-0.09;0.01],[-0.25;0.1]
,,0.12,0,0.06,0.06,0
nfciUS_t,IQR,[-0.11;0.39],[-0.13;0.07],[-0.08;0.07],[-0.03;0.13],[-0.15;0.28]
,Sig.,0.35,0,0.06,0.06,0.24
nfci_it,IQR,[0.05;0.42],[-0.08;0.08],[-0.12;0.07],[-0.1;0.12],[0.03;0.2]
,Sig.,0.06,0,0,0.06,0.24
macroUS_t,IQR,[-0.15;0.05],[0.04;0.15],[0.02;0.09],[0.04;0.15],[-0.15;0.32]
,Sig.,0.06,0.12,0.06,0.06,0.29
crossG_t,IQR,[-0.18;0.26],[-0.06;0.06],[-0.18;0.05],[-0.18;0.01],[-0.19;-0.03]
,Sig.,0.06,0,0.06,0.18,0
macroG_t,IQR,[-0.35;-0.05],[-0.25;-0.05],[-0.15;-0.02],[-0.15;-0.01],[-0.27;-0.11]
,Sig.,0.18,0.29,0,0.06,0.29
M1,dTL,0.83,0.41,0.39,0.92,3.2
M2,dTL,1.02,0.45,0.31,0.46,3.04
