,,q=0.05,q=0.25,q=0.50,q=0.75,q=0.95
h=8,,NA,NA,NA,NA,NA
y_it,IQR,[-0.15;0.21],[-0.04;0.09],[-0.11;0.09],[-0.14;0.16],[-0.08;0.19]
,Sig.,0.16,0.04,0.12,0.12,0.08
nfciUS_t,IQR,[-0.08;0.22],[-0.09;0.07],[-0.09;0.11],[-0.03;0.23],[0.15;0.38]
,Sig.,0.16,0.04,0.08,0.2,0.28
macroUS_t,IQR,[-0.4;-0.01],[-0.09;0.05],[-0.09;0.03],[-0.09;0.03],[-0.17;0.02]
,Sig.,0.24,0.08,0.04,0.08,0.08
crossG_t,IQR,[0.04;0.41],[-0.02;0.07],[-0.13;0.04],[-0.17;0.01],[-0.2;0.02]
,Sig.,0.16,0,0.12,0.16,0
macroG_t,IQR,[-0.07;0.14],[-0.1;0.01],[-0.1;0.03],[-0.14;0.02],[-0.26;-0.03]
,Sig.,0,0.04,0.04,0.08,0.2
h=12,,NA,NA,NA,NA,NA
y_it,IQR,[-0.16;0.27],[0;0.13],[-0.09;0.08],[-0.07;0.08],[-0.22;0.15]
,Sig.,0.2,0.12,0.04,0.12,0.2
nfciUS_t,IQR,[-0.11;0.32],[-0.07;0.11],[-0.07;0.12],[-0.01;0.13],[0.02;0.29]
,Sig.,0.24,0.04,0.08,0.16,0.16
macroUS_t,IQR,[-0.23;0.08],[-0.02;0.13],[-0.02;0.11],[-0.02;0.12],[-0.07;0.11]
,Sig.,0.12,0.12,0.04,0.04,0.12
crossG_t,IQR,[-0.15;0.29],[-0.06;0.12],[-0.09;0.06],[-0.14;0.03],[-0.25;0.09]
,Sig.,0.08,0.04,0.04,0.08,0.2
macroG_t,IQR,[-0.11;0.14],[-0.21;0.03],[-0.19;-0.04],[-0.14;-0.01],[-0.27;0.01]
,Sig.,0.24,0.24,0.16,0.16,0.32
M1,dTL,1.57,0.55,0.59,1.13,3.17
M2,dTL,1.42,0.56,0.73,0.95,2.7
