,,q=0.05,q=0.25,q=0.50,q=0.75,q=0.95
h=0,,NA,NA,NA,NA,NA
nfciUS_t,IQR,[-0.28;0.21],[-0.17;0.03],[-0.09;0.03],[-0.02;0.12],[-0.08;0.33]
,Sig.,0.48,0.32,0.12,0.28,0.24
macroUS_t,IQR,[-0.23;0.19],[-0.06;0.07],[-0.04;0.05],[-0.05;0.07],[-0.17;0.14]
,Sig.,0.28,0.16,0.12,0.08,0.12
crossG_t,IQR,[-0.72;-0.5],[-0.7;-0.51],[-0.74;-0.48],[-0.75;-0.51],[-0.84;-0.55]
,Sig.,0.96,0.96,0.96,0.96,0.8
macroG_t,IQR,[-0.36;-0.03],[-0.14;0.01],[-0.04;0.04],[-0.02;0.08],[0.02;0.22]
,Sig.,0.44,0.12,0.08,0.12,0.2
h=1,,NA,NA,NA,NA,NA
y_it,IQR,[0;0.44],[0.07;0.33],[0.14;0.32],[0.2;0.35],[0.19;0.43]
,Sig.,0.32,0.36,0.48,0.68,0.32
nfciUS_t,IQR,[-0.15;0.27],[-0.12;0.1],[-0.09;0.05],[-0.14;0.12],[-0.2;0.19]
,Sig.,0.24,0.04,0.12,0.04,0.32
macroUS_t,IQR,[-0.23;0.27],[-0.02;0.1],[-0.01;0.09],[-0.02;0.14],[-0.05;0.29]
,Sig.,0.16,0.08,0.08,0.08,0.12
crossG_t,IQR,[-0.28;0.09],[-0.16;0.01],[-0.08;0.03],[-0.09;0.03],[-0.26;0.1]
,Sig.,0.12,0.2,0.12,0.08,0.16
macroG_t,IQR,[-0.94;-0.4],[-0.24;-0.13],[-0.15;-0.08],[-0.06;0.07],[-0.04;0.22]
,Sig.,0.72,0.28,0.08,0.04,0.24
h=4,,NA,NA,NA,NA,NA
y_it,IQR,[-0.16;0.15],[-0.06;0.09],[-0.13;0.05],[-0.1;0.08],[-0.12;0.21]
,Sig.,0.12,0.04,0.12,0.12,0.12
nfciUS_t,IQR,[-0.12;0.15],[-0.11;0.06],[-0.09;0.02],[-0.13;0.1],[-0.19;0.22]
,Sig.,0.16,0.04,0.16,0.24,0.28
macroUS_t,IQR,[0.06;0.38],[0.01;0.18],[-0.03;0.12],[0.02;0.17],[-0.11;0.32]
,Sig.,0.24,0,0.04,0.12,0.28
crossG_t,IQR,[-0.18;0.07],[-0.07;0.07],[-0.05;0.05],[-0.1;0.02],[-0.17;0.01]
,Sig.,0.16,0.04,0.08,0.08,0.12
macroG_t,IQR,[-0.37;-0.06],[-0.27;-0.06],[-0.14;-0.03],[-0.11;0.02],[-0.19;0.08]
,Sig.,0.28,0.36,0.04,0.04,0.08
M1,dTL,3.73,1.44,0.76,1.25,3.55
M2,dTL,2.65,0.63,0.38,0.63,1.94
M3,dTL,1.53,0.88,0.71,1.01,1.96
