,,q=0.05,q=0.25,q=0.50,q=0.75,q=0.95
h=8,,NA,NA,NA,NA,NA
y_it,IQR,[0.03;0.4],[0.12;0.36],[0.14;0.34],[0.14;0.36],[0.05;0.37]
,Sig.,0.39,0.5,0.61,0.55,0.34
nfciUS_t,IQR,[-0.35;0.09],[-0.17;0.05],[-0.05;0.08],[-0.02;0.13],[-0.11;0.13]
,Sig.,0.36,0.27,0.2,0.09,0.16
macroUS_t,IQR,[-0.14;0.14],[-0.06;0.1],[-0.07;0.04],[-0.06;0.06],[-0.19;0.22]
,Sig.,0.16,0.07,0,0.02,0.27
crossG_t,IQR,[-0.06;0.2],[-0.1;0.12],[-0.11;0.04],[-0.18;-0.03],[-0.41;-0.01]
,Sig.,0.27,0.18,0.14,0.23,0.41
macroG_t,IQR,[-0.07;0.14],[-0.09;0.06],[-0.1;0.06],[-0.11;0.06],[-0.13;0.2]
,Sig.,0.18,0.2,0.2,0.16,0.3
h=12,,NA,NA,NA,NA,NA
y_it,IQR,[0.04;0.3],[0.07;0.27],[0.1;0.27],[0.09;0.27],[0.03;0.29]
,Sig.,0.2,0.36,0.39,0.43,0.3
nfciUS_t,IQR,[-0.44;0.09],[-0.18;0.04],[-0.08;0.13],[-0.02;0.14],[-0.1;0.21]
,Sig.,0.39,0.2,0.16,0.18,0.14
macroUS_t,IQR,[-0.03;0.2],[-0.04;0.1],[-0.06;0.08],[-0.08;0.05],[-0.2;0.09]
,Sig.,0.14,0.05,0,0.09,0.14
crossG_t,IQR,[-0.05;0.16],[-0.05;0.1],[-0.09;0.05],[-0.14;0],[-0.39;0]
,Sig.,0.2,0.16,0.16,0.25,0.34
macroG_t,IQR,[-0.1;0.13],[-0.1;0.11],[-0.08;0.06],[-0.09;0.06],[-0.16;0.09]
,Sig.,0.11,0.16,0.16,0.11,0.25
M1,dTL,3.95,1.59,0.79,0.82,1.62
M2,dTL,4.6,1.28,0.83,1.12,2.4
